264030843
667780593
49364515
702484399
680654681
67287081
729537177
530111211
349417445
162965771
3326265
488674807
561386349
519453319
866834009
731365593
302849673
207649585
170171991
311054301
145199845
49177229
822701255
938980951
42479849
51416159
828353385
751137175
458083387
117509957
680340107
91842883
849484145
242853075
23471273
416233375
872391375
159100425
750032455
736489167
306253775
249314481
525268637
848261233
608586331
162653405
8788895
558508235
493164281
563005797
237623137
29890637
861645019
64549039
94651897
368344047
688171563
645314607
268707847
92345995
8744335
403275725
383943293
433552775
520399559
251260789
954399785
191469009
223263917
511292621
505805259
217644043
58037821
338178759
882216165
458932711
300973391
539229857
129689371
113522059
293501049
831883211
209821815
271576167
725003997
887349359
831850075
200110751
913917389
484968505
971798687
434506447
601256753
49384741
747451605
36110803
430166159
733039753
192922039
595302711
798798915
505029935
474498245
340658633
436614823
782059209
383855901
600655785
513971095
261985107
255052335
88357833
761055145
663153661
547449755
878248811
278734025
470073131
441875369
677109775
65576413
213218329
596974205
175659673
262978155
925249577
95925923
233532441
46023113
922658937
141264341
625377049
339595871
61871893
632053061
908680787
68570103
23323383
24005821
94039085
235877799
227319507
273873547
582032277
830504947
770114805
498953201
376948059
472575263
602147991
950855433
615408969
372350169
170136865
870734317
776649099
371243307
675886113
638092421
31728719
86530523
133380289
751859677
332269381
213103941
570584935
370245915
469392703
879120475
173539085
936370833
973724091
637534147
736458023
882466767
591337425
546322139
556204037
49271009
344035563
258473549
762657921
346577705
32508243
610388279
567061877
322926287
776349385
222711605
625085273
138261209
934321671
227197039
515901911
503564969
625133391
199824903
197874507
21623769
661075395
832558005
151690411
598774465
114910815
504698867
254282645
622231651
974312891
928759859
17920861
766185871
357597437
454946205
431852653
656719177
668588879
464771321
37520207
959434019
311388561
319900309
605887065
11454353
475078637
713644045
575347551
32035195
336860113
186169467
37175843
957627739
871817187
704302495
634896819
683712447
459209633
458451585
158036323
297221595
757338875
259813575
471217895
458114829
563340163
522626623
639282285
330533587
776301521
769775675
169474719
342980459
242168735
440472575
411038977
49050303
44519651
111123269
781133769
104955265
420790077
304037479
395973187
111823857
422154601
769522335
459237233
537077433
807358749
989533165
199541237
155769255
363451635
193666671
929972745
836727851
734042647
326259835
745156257
517193553
303886553
71470987
880764415
405629511
811644879
837259779
223689361
661097193
367497433
868071195
173218439
648600601
394387357
390861007
303042227
2623161
805082017
34790177
619498263
835762633
842665451
486033041
347021649
238138465
267790955
431861281
406519581
671306219
584029039
475859033
469180667
139380437
335757177
911349475
953144301
720929727
274168015
298505055
114051767
564272261
47620821
412849607
380573283
51837537
922718603
844535885
297374493
714685035
34409445
666009379
39413601
180631773
655783701
176538199
972970217
335562843
771824045
31861183
83106955
442780191
907680455
842152481
991418837
366980463
150416215
873608919
273883009
648034509
11741949
241515839
127419349
430993001
528641003
114821427
714979779
248375089
278634035
957911455
492464273
823128265
996724533
965369653
136116917
438669795
484634495
629599653
348481603
270461785
410019383
449139179
817185453
655501057
876935223
670839037
850088607
129278861
755626795
993763295
540856905
52245043
450386021
709012781
74457595
798225997
759578175
528751767
448287479
491989435
425779049
499334187
794061619
549453491
406815815
111592487
603837439
543660989
949826511
541526121
697882617
719017345
307306349
501463045
39828369
337215859
745928283
543357553
851590295
203185443
347138357
283951855
218491995
124495525
656957679
445439531
150778779
687616975
489248055
543004163
874410627
694527435
708744911
50131227
824713859
926027445
269887071
738172541
244982325
608151707
965692779
582975933
572861065
75613203
717593197
291048885
710898403
919477693
859191441
58757175
689976443
57724141
928328007
229360403
174243423
244055057
547922723
352778047
576972569
942145853
766398381
253977909
901029253
130630581
943097627
593229749
347015931
201516899
788583369
759524675
550642369
726966165
218444589
780509987
574395725
701799105
111375149
656220601
637284349
181109255
516110301
750029635
869463007
889354543
46343517
648724515
567144765
407365533
842879917
369060965
755606239
99544889
217774083
325012765
458450265
855437343
991932493
997940411
790897847
892872111
315152605
693555535
870236815
966488713
976827777
664090507
315574455
869009373
902830197
210964273
457283313
686540743
196067347
162908953
718742865
809252079
678419753
381432013
