339119026
791890222
249221684
264030843
667780593
49364515
702484399
680654681
67287081
223549670
288638364
616657120
729537177
530111211
897024056
349417445
162965771
772780560
3326265
488674807
321894388
561386349
519453319
866834009
673092618
731365593
465465068
302849673
844211198
544498718
207649585
28753896
170171991
334417516
311054301
145199845
49177229
822701255
325407850
938980951
746543458
190205528
672108650
42479849
51416159
894342192
828353385
384656954
751137175
45746544
826179360
458083387
117509957
192780948
680340107
91842883
849484145
242853075
23471273
895082816
391260732
416233375
872391375
159100425
88693448
750032455
954105002
736489167
313127110
441634236
306253775
249314481
525268637
848261233
125531904
422053940
608586331
399351550
352176436
551948892
168041752
19271430
685815448
162653405
166525484
8788895
108651804
280364390
558508235
493164281
563005797
237623137
414184568
29890637
861645019
592527398
553823838
64549039
94651897
368344047
688171563
645314607
963700676
268707847
80276740
92345995
8744335
403275725
336319326
355252996
455858026
406824918
383943293
697529678
208950056
523070770
433552775
6490016
695203852
520399559
707634244
397150188
905816848
251260789
954399785
191469009
223263917
511292621
505805259
89295386
732042818
707080336
295729236
217644043
58037821
338178759
691077892
882216165
458932711
300973391
482311258
539229857
129689371
113522059
293501049
831883211
209821815
877119260
271576167
725003997
887349359
831850075
200110751
292046464
913917389
169364764
577394074
704474132
820136614
887049894
484968505
971798687
626615198
645221034
431538704
434506447
601256753
75074354
49384741
661569904
747451605
243078570
417055514
36110803
673586340
430166159
290559624
733039753
338047632
192922039
182119556
197249470
873835188
595302711
798798915
505029935
474498245
85231348
621149914
340658633
436614823
782059209
383855901
697018592
677120540
83064658
600655785
483835656
513971095
261985107
712623870
828803732
255052335
88357833
315794884
761055145
44827274
190230830
663153661
704760266
547449755
29692796
424332338
878248811
36855566
736003226
278734025
470073131
543339414
346088166
30579396
310155740
441875369
677109775
65576413
254843970
320768848
213218329
639968348
785512162
840106126
596974205
175659673
262978155
71211884
789609998
856845980
754849588
645380942
139946448
792622524
727246410
726993866
925249577
36319854
589676508
95925923
233532441
46023113
922658937
295384626
371411434
141264341
625377049
621899970
339595871
61871893
233253014
632053061
908680787
18286434
444910724
68570103
894571800
23323383
24005821
94039085
210926048
601223114
235877799
997075100
227319507
273873547
582032277
830504947
706237468
491517702
770114805
785597148
498953201
125997164
126837418
376948059
42243360
209085192
438987428
472575263
571092732
602147991
548045764
950855433
615408969
372350169
170136865
27182032
870734317
98587024
378239556
188124924
582593954
148171194
776649099
359908760
371243307
819680048
675886113
986330296
396546714
638092421
31728719
86530523
133380289
16077894
751859677
332269381
441484856
129721946
37129966
213103941
570584935
370245915
947598172
138929384
469392703
311334928
49937466
149005558
134901364
204262890
879120475
173539085
862667494
455451900
914228486
936370833
632547624
56076990
973724091
219108350
505909832
751539020
962742404
637534147
454859626
736458023
882466767
315101646
591337425
439904658
977051028
546322139
718282070
642959534
337814552
380769236
76223334
556204037
49271009
344035563
258473549
762657921
872358138
346577705
32508243
823736746
610388279
567061877
322926287
298508618
776349385
317655580
109084984
699840204
222711605
625085273
727425230
138261209
934321671
227197039
515901911
115422124
413729268
205129834
503564969
625133391
199824903
197874507
21623769
661075395
404301626
832558005
151690411
850414494
575682262
598774465
606334952
258088006
114910815
504698867
254282645
723118086
622231651
944781856
1611934
974312891
928759859
52087810
32248510
17920861
876897548
574220280
296263110
766185871
278716652
357597437
454946205
249113360
716189728
431852653
208942552
656719177
946589034
610658792
37024498
514200070
668588879
452323112
464771321
638200044
476509940
777509914
37520207
959434019
121289188
377485968
311388561
319900309
605887065
187896870
468379164
11454353
475078637
713644045
968727812
665209538
140809024
575347551
968824046
726051794
588904620
32035195
800134738
17317282
986917118
336860113
186169467
37175843
102795074
358777002
455969236
52133304
217995358
957627739
383793880
871817187
319387810
704302495
634896819
683712447
255859504
873832616
459209633
98551314
458451585
158036323
297221595
757338875
810477120
259813575
471217895
458114829
863553026
563340163
522626623
934918400
639282285
755750732
221451790
330533587
705344266
729398562
378987786
776301521
769775675
169474719
342980459
179856468
242168735
440472575
220966538
411038977
923931388
49050303
44519651
378287142
209526506
111123269
781133769
929556350
104955265
420790077
304037479
717909848
41932428
395973187
46041498
608713314
111823857
278253322
422154601
257321118
49905848
769522335
723327010
459237233
537077433
870542280
490148114
554792166
989230214
586262752
704909760
798382130
850884486
369665892
807358749
543101156
989533165
199541237
686931934
69073926
215501092
930729538
762675500
155769255
484180798
256280202
363451635
193666671
894973930
239599104
337389022
929972745
11693862
836727851
734042647
326259835
745156257
955837238
517193553
831064280
777863930
303886553
71470987
880764415
405629511
811644879
605779816
656713356
313096334
837259779
250137746
223689361
755104492
643784134
661097193
890315826
367497433
406292752
249335566
868071195
173218439
648600601
394387357
204663674
390861007
999914960
303042227
936305698
2623161
805082017
34790177
619498263
835762633
72655398
437962106
842665451
486033041
347021649
439107832
238138465
766608484
893655098
76209178
42761062
267790955
182535622
431861281
406519581
138060720
671306219
584029039
48102854
901313090
963259620
509175236
475859033
809389856
20282934
469180667
478466368
139380437
500809132
335757177
911349475
137786426
953144301
720929727
274168015
298505055
114051767
157966624
489560962
564272261
64290490
401319308
47620821
974200642
176332938
425397510
412849607
380573283
741507908
51837537
827083838
512975244
1209276
922718603
844535885
335759368
297374493
714685035
162866360
34409445
985103148
679959990
666009379
39413601
180631773
655783701
958435828
916684318
26801666
127551988
176538199
63386114
343584798
972970217
335562843
771824045
820632664
31861183
952585018
731430552
83106955
442780191
907680455
521610618
181491930
668608670
538473514
842152481
991418837
959591792
144123798
209003046
327058578
731623192
824258394
366980463
150416215
873608919
273883009
648034509
11741949
241515839
976240548
127419349
912645974
633793370
430993001
445776848
572499516
528641003
555575452
399254472
114821427
3577548
347667432
714979779
687733690
462607478
248375089
160996620
278634035
957911455
492464273
733904300
382092652
411069694
453056750
468162808
823128265
741430570
996724533
699039556
27588880
222987936
965369653
136116917
438669795
829859866
28626228
782241136
420962750
755592836
484634495
393530832
629599653
348481603
270461785
395884958
80797242
596698546
462072034
410019383
449139179
817185453
655501057
876935223
272220600
308461360
670839037
850088607
330031634
129278861
755626795
470128290
993763295
540856905
122681026
894943244
974715802
441445268
761449674
948880464
318382744
269361764
52245043
679006764
450386021
709012781
857141506
74457595
798225997
759578175
198688422
528751767
448287479
491989435
425779049
127950056
499334187
794061619
649599746
114505230
549453491
406815815
111592487
278376032
224574068
603837439
543660989
154296868
611104172
615147222
949826511
904267868
605084752
541526121
534880890
697882617
719017345
78200388
389688596
307306349
326266718
501463045
20471142
39828369
337215859
175442746
488120844
77298314
605715016
153345914
745928283
840431634
849003910
106523466
543357553
851590295
203185443
347138357
842194330
842692322
283951855
218491995
124495525
656957679
445439531
923994108
150778779
721315822
826133234
687616975
500585484
489248055
621553118
543004163
874410627
694527435
860683722
708744911
50131227
824713859
35070904
175674584
926027445
269887071
38695964
924036174
394788412
52299012
543376220
738172541
244982325
608151707
965692779
582975933
48080248
572861065
75613203
717593197
712579660
291048885
814226656
346905346
710898403
919477693
888490470
507930814
859191441
58757175
467679730
624148054
891573226
689976443
57724141
511677266
928328007
329324292
550859414
229360403
795084780
174243423
244055057
547922723
352778047
576972569
942145853
737165044
766398381
253977909
901029253
674033796
40267100
130630581
162026358
761786888
943097627
593229749
347015931
184610404
201516899
788583369
759524675
768209508
306227728
136812228
550642369
726966165
218444589
780509987
574395725
701799105
557808360
807236890
604442728
562676742
933455524
812317496
726959004
965608594
111375149
656220601
139854082
637284349
181109255
416607848
516110301
750029635
869463007
889354543
401218404
46343517
648724515
567144765
407365533
254798714
842879917
369060965
755606239
668915354
544973452
445952088
99544889
217774083
325012765
458450265
855437343
991932493
997940411
790897847
613140312
130413422
635596070
778621180
200068792
892872111
315152605
739731050
693555535
660537414
414795998
870236815
349059578
723491712
966488713
976827777
699982102
664090507
825374114
315574455
402491728
869009373
902830197
394706964
210964273
832862772
479435916
217151164
457283313
686540743
28925014
196067347
25715828
877167676
162908953
718742865
185513134
809252079
822848588
612512016
987030638
243196872
678419753
381432013
706391568
776860514
